接口：21
入参：$$~~~~1050,02.32.01049.11.1050%%1060,1.1.0.01.1$$
出参：$$0~~~~~~2~37,7,110101111111100,30,1111,1111,1,1%%38,19,100001010000000,30,1111,1111,0,1%%39,5,110101011011100,30,1111,1111,1,1%%40,6,110101011011100,30,1111,1111,1,1%%41,7,100001010000000,30,1111,1111,0,1%%243,15,000001010000000,30,1111,1111,0,1%%42,7,100001010000000,30,1111,1111,0,1%%201,17,000001110000000,30,1111,1111,0,1%%202,36,000001110000000,30,1111,1111,0,1%%203,36,000001110000000,30,1111,1111,0,1%%204,15,000101111101100,30,1111,1111,1,1%%205,29,000001111110100,30,1111,1111,0,1%%324,10,000101011011100,30,1111,1111,1,1%%227,13,100101011011100,30,1111,1111,1,1%%206,12,000111110110100,30,1111,1111,0,1%%207,17,000001110000000,30,1111,1111,0,1%%208,19,000001110000000,30,1111,1111,0,1%%209,16,000001110000000,30,1111,1111,0,1%%210,21,000101111111100,30,1111,1111,1,1%%43,6,000001000000000,30,1111,1111,0,1%%44,8,000001011000000,30,1111,1111,0,1%%45,5,000001011000000,30,1111,1111,0,1%%46,6,000001011000000,30,1111,1111,0,1%%47,9,100001010000000,30,1111,1111,0,1%%49,8,000001011000000,30,1111,1111,0,1%%51,8,000001010000000,30,1111,1111,0,0%%52,6,000001010000000,30,1111,1111,0,0%%53,5,100001010000000,30,1111,1111,0,1%%54,6,100001010000000,30,1111,1111,0,1%%58,10,100001010000000,30,1111,1111,0,1%%60,11,100011011100000,30,1111,1111,0,1%%61,5,000001010000000,30,1111,1111,0,1%%62,16,100001010000000,30,1111,1111,0,1%%63,5,000001010000000,30,1111,1111,0,0%%64,12,000001010000000,30,1111,1111,0,0%%65,6,000001010000000,30,1111,1111,0,0%%70,9,000001010000000,30,1111,1111,0,0%%72,6,000001010000000,30,1111,1111,0,0%%73,6,000001010000000,30,1111,1111,0,0%%74,7,000001010000000,30,1111,1111,0,0%%55,7,100001010000000,30,1111,1111,0,1%%56,7,100001010000000,30,1111,1111,0,1%%77,5,000001010000000,30,1111,1111,0,0%%78,5,000001010000000,30,1111,1111,0,0%%79,7,000001010000000,30,1111,1111,0,0%%83,5,000001010000000,30,1111,1111,0,0%%244,9,000001010000000,30,1111,1111,0,1%%352,15,000001010000000,30,1111,1111,0,1%%355,11,000001010000000,30,1111,1111,0,1%%354,12,000001010000000,30,1111,1111,0,1%%353,10,000001010000000,30,1111,1111,0,1%%356,13,000001010000000,30,1111,1111,0,1%%242,29,000001010000000,30,1111,1111,0,1%%245,13,000001010000000,30,1111,1111,0,1%%246,10,000001010000000,30,1111,1111,0,1%%228,10,000101011011100,30,1111,1111,1,1%%90,9,000001010000000,30,1111,1111,0,1%%91,18,110001010000000,30,1111,1111,0,1%%92,19,110001010000000,30,1111,1111,0,1%%93,14,110001010000000,30,1111,1111,0,1%%94,7,000001010000000,30,1111,1111,0,1%%95,13,000001010000000,30,1111,1111,0,1%%96,10,000001010000000,30,1111,1111,0,1%%97,9,000001010000000,30,1111,1111,0,1%%80,6,000001010000000,30,1111,1111,0,0%%81,9,000001010000000,30,1111,1111,0,0%%82,6,000001010000000,30,1111,1111,0,0%%812,7,100001010000000,30,1111,1111,0,1%%810,6,100001010000000,30,1111,1111,0,1%%811,6,000001010000000,30,1111,1111,0,1%%211,12,000101111111100,30,1111,1111,1,1%%212,12,000001010000000,30,1111,1111,0,1%%213,11,100101011011100,30,1111,1111,1,1%%215,11,000001010000000,30,1111,1111,0,1%%216,10,000001010000000,30,1111,1111,0,1%%314,10,000101011011100,30,1111,1111,1,1%%76,5,000001010000000,30,1111,1111,0,0%%75,5,000001010000000,30,1111,1111,0,0%%21,4,000001010000000,30,1111,1111,0,0%%22,5,010001010100000,30,1111,1111,0,1%%23,5,000001010000000,30,1111,1111,0,0%%25,5,110101111101100,30,1111,1111,0,1%%26,9,100001010000000,30,1111,1111,0,1%%27,13,110101111101100,30,1111,1111,0,1%%28,14,110101111101100,30,1111,1111,1,1%%31,6,110001111110100,30,1111,1111,0,1%%32,19,110111110110100,30,1111,1111,0,1%%33,8,100001010000000,30,1111,1111,0,1%%34,7,000001010000000,30,1111,1111,0,1%%35,7,100001010000000,30,1111,1111,0,1%%36,8,110101111111100,30,1111,1111,1,1%%84,11,100011011100000,30,1111,1111,0,1%%85,6,000001010000000,30,1111,1111,0,1%%50,5,110001010100000,30,1111,1111,0,1%%57,16,110001010100000,30,1111,1111,0,1~$$


接口：22
入参：$$1~330499D1560000050035266CFE6B5171~1~~10$$
出参：$$0~~~~~330499D1560000050035266CFE6B5171%%4001914672%%徐浩庭%%1%%01%%20160116%%330402201601160619%%无%%(医)建设--南杨社区%%330402%%南湖区%%99%%000%%0%%0%%0%%%%0%%0%%0%%1606.49%%0%%0%%142.66%%0%%0%%0%%0%%0%%%%25%%0~000000011000100~100110000000000~100000000000000~A88399353$$

接口：27
入参：$$1~330499D1560000050035266CFE6B5171~1~~12~2018196669~R11.X00~~呕吐~~1~2018196669%%18303%%急诊儿科%%夏玉莲%%9~2018196669%%2%%11697%%急诊挂号诊查费加收%%次%%0%%%%%%10.0000%%1.00%%1.00%%10.00%%0%%0%%1000000000000001%%%%0%%2018196669%%2%%8989%%门诊诊查费(普通)%%次%%0%%%%%%25.0000%%1.00%%1.00%%25.00%%0%%0%%f11030000104%%%%0%%2018196669%%2%%5023%%彩色多普勒超声常规检查(一个部位)%%次%%0%%%%%%55.0000%%1.00%%1.00%%55.00%%0%%0%%f22030100100%%%%0%%2018196669%%2%%4941%%计算机图文报告%%人次%%0%%%%%%8.0000%%1.00%%1.00%%8.00%%0%%0%%g14020090500%%%%0%%2018196669%%2%%3869%%血液细胞自动化分析(血常规)（五分类）%%次%%0%%%%%%15.0000%%1.00%%1.00%%15.00%%0%%0%%f25010101500%%%%0%%2018196669%%2%%4131%%超敏C反应蛋白测定%%项%%0%%%%%%14.0000%%1.00%%1.00%%14.00%%0%%0%%f25030101700%%%%0%%2018196669%%2%%9406%%一次性采血管针(广州阳普)%%枚%%0%%%%%%0.3300%%1.00%%1.00%%0.33%%0%%0%%cl120400025g%%%%0%%2018196669%%2%%5977%%静脉采血%%次%%0%%%%%%6.2000%%1.00%%1.00%%6.20%%0%%0%%f12040000201%%%%0%%2018196669%%2%%9401%%一次性真空采血管(紫色)(广州阳普)%%只%%0%%%%%%0.8200%%1.00%%1.00%%0.82%%0%%0%%cl120400025g%%%%0$$
出参：$$0~~~~~~0~20191111 031907~134.35%%23.5%%0%%110.85%%0%%0%%31%%77.26%%108.26%%26.09%%0%%0%%0%%0%%0%%0%%0%%0%%0%%0%%0%%0%%0%%0%%0%%0%%0%%0%%26.09%%0%%0~~~226727430

接口：28
入参：$$1~330499D1560000050035266CFE6B5171~1~~12~2018196669~R11.X00~~呕吐~~1~2018196669%%18303%%急诊儿科%%夏玉莲%%9~2018196669%%2%%4941%%计算机图文报告%%人次%%0%%%%%%8.0000%%1.00%%1.00%%8.00%%0%%0%%g14020090500%%%%0%%2018196669%%2%%5023%%彩色多普勒超声常规检查(一个部位)%%次%%0%%%%%%55.0000%%1.00%%1.00%%55.00%%0%%0%%f22030100100%%%%0%%2018196669%%2%%11697%%急诊挂号诊查费加收%%次%%0%%%%%%10.0000%%1.00%%1.00%%10.00%%0%%0%%1000000000000001%%%%0%%2018196669%%2%%8989%%门诊诊查费(普通)%%次%%0%%%%%%25.0000%%1.00%%1.00%%25.00%%0%%0%%f11030000104%%%%0%%2018196669%%2%%4131%%超敏C反应蛋白测定%%项%%0%%%%%%14.0000%%1.00%%1.00%%14.00%%0%%0%%f25030101700%%%%0%%2018196669%%2%%9406%%一次性采血管针(广州阳普)%%枚%%0%%%%%%0.3300%%1.00%%1.00%%0.33%%0%%0%%cl120400025g%%%%0%%2018196669%%2%%3869%%血液细胞自动化分析(血常规)（五分类）%%次%%0%%%%%%15.0000%%1.00%%1.00%%15.00%%0%%0%%f25010101500%%%%0%%2018196669%%2%%9401%%一次性真空采血管(紫色)(广州阳普)%%只%%0%%%%%%0.8200%%1.00%%1.00%%0.82%%0%%0%%cl120400025g%%%%0%%2018196669%%2%%5977%%静脉采血%%次%%0%%%%%%6.2000%%1.00%%1.00%%6.20%%0%%0%%f12040000201%%%%0~自助机(新)$$
出参：$$0~~~~~0~0~20191111 031959~226727431~134.35%%23.5%%0%%110.85%%0%%0%%31%%77.26%%108.26%%26.09%%0%%0%%0%%0%%0%%0%%0%%0%%0%%0%%0%%0%%0%%0%%0%%0%%0%%0%%26.09%%0%%0~05%%普通门诊一般诊查费统筹优先%%25%%17.5%%.7%%7.5%%0%%06%%先自费费用%%23.5%%0%%0%%0%%23.5%%21%%统筹第一段%%85.85%%8.59%%.1%%77.26%%0~$$

接口：22
入参：$$$$
出参：$$$$

接口：22
入参：$$$$
出参：$$$$

接口：22
入参：$$$$
出参：$$$$

接口：22
入参：$$$$
出参：$$$$

接口：22
入参：$$$$
出参：$$$$

接口：22
入参：$$$$
出参：$$$$

接口：49
入参：$$0~~~~30~226773857~0~~~~~$$
出参：$$0~~~~~226773857$$

接口：22
入参：$$$$
出参：$$$$


